1.63607209511
1.63423395592
1.63452092996
1.63730272559
1.63843452459
1.63691540851
1.63580036879
1.63328558075
1.63439125411
1.63855346046
1.64117775965
1.64206136124
1.64205893252
1.63872343069
1.63833880637
1.63732502351
1.6409279959
1.64224344196
1.63851514159
1.63851912917
1.63719938094
1.63584919279
1.6362387867
1.63309631534
1.63806492315
1.63776973057
1.63708421169
1.63723034495
1.63455299143
1.63364212292
1.64065416284
1.64113578833
1.64115930721
1.63968631076
1.6371211711
1.64044463737
1.63723103461
1.64015013827
1.63899839686
1.63662480356
1.63704677935
1.63612269898
1.63791037491
1.63642004726
1.63695928693
1.63569365174
1.63695878705
1.63367459109
1.63732600608
1.63707787975
1.63568649008
1.63866225617
1.64157318066
1.64240214275
1.63967663394
1.64002998745
1.63817802087
1.63908976107
1.64078423251
1.63998798219
1.64007370467
1.64179014682
1.6386348326
1.6377137208
1.63674302794
1.63612789031
1.63515573702
1.63566233053
1.63426225669
1.63603554028
1.63836192047
1.63866091422
1.63809416388
1.64123360442
1.63652626053
1.63684080439
1.63762355849
1.63874063289
1.63902689095
1.64220116328
1.63878813442
1.63728141922
1.64161870736
1.64352824882
1.64270067242
1.64062166328
1.63938192036
1.63727733084
1.63937888556
1.64120240564
1.6384193115
1.64028838132
1.63904386215
1.64096000839
1.64052842947
1.64160678561
1.63801814123
1.6408368419
1.64114745427
1.64137977731
1.64310300544
1.64203807697
1.64410602803
1.64199478353
1.64230356298
1.64216842136
1.6388698323
1.64073562837
1.63993989763
1.63963475254
1.64180347925
1.63989597771
1.64363343139
1.64243844937
1.64094125846
1.64260047287
1.64107583523
1.63888511947
1.63997514993
1.63988445999
1.64166221187
1.63923257677
1.6381676786
1.63758974418
1.64081590596
1.63954406794
1.63783171466
1.64209065469
1.63949788826
1.64050589916
1.64062621997
1.63847418616
1.64019195974
1.63707554208
1.63708665026
1.63842035204
1.64011193596
1.63776593852
1.64045909505
1.63818453797
1.64098619669
1.64329965777
1.63932599635
1.63788113986
1.63864352781
1.63940852909
1.63988629795
1.63911249392
1.63899048469
1.63938945594
1.64147948708
1.63961240851
1.6387546064
1.63873379595
1.64208033413
1.64088384825
1.6415456269
1.63823467182
1.63859978509
1.63897597733
1.63584493424
1.63897443568
1.64079274483
1.63975644199
1.63992896852
1.64084006343
1.64355533423
1.64146838269
1.64159327204
1.63823559779
1.63964957007
1.64147993974
1.63964598531
1.63669341958
1.635787711
1.63836004173
1.63853966764
1.63888139794
1.63852061736
1.64003812697
1.63670013282
1.63771754986
1.63956904904
1.63783333698
1.64031105166
1.63791542195
1.64038990235
1.64336043167
1.6413965109
1.64212639182
1.63905458974
1.63808647749
1.6383932802
1.63677174969
1.63653758367
1.63674571991
1.6402755379
1.63745030384
1.63770579848
1.63853484315
