1.90868315602
1.90816217039
1.9106294077
1.90855331002
1.90860716504
1.94709482672
1.91127490243
1.92357062695
1.91486980797
1.95110526753
1.90846715012
1.90807051806
1.90811437069
1.90847246132
1.90759095665
1.90734843121
1.90667157756
1.91167996639
1.90794127902
1.90815333988
1.90908051692
1.90837277281
1.90960960347
1.90889183687
1.91147689527
1.909308498
1.90965605656
1.91796218226
1.90963061986
1.90781871391
1.90859501124
1.908974991
1.90832433834
1.9107558546
1.91022615007
1.90930040405
1.90854024587
1.90843887207
1.91233524718
1.90954024468
1.90938951305
1.9079911629
1.90884263815
1.90741549649
1.90914868832
1.9071437218
1.90703066321
1.90858963822
1.90728459091
1.90850807003
1.90763730426
1.920465752
1.90842314053
1.92336706362
1.90762514098
1.90941429473
1.92481770509
1.90961411279
1.91318606924
1.91762342549
1.90783066435
1.90674589997
1.90901191114
1.91453567576
1.9078888537
1.91450223755
1.90882546054
1.90984504975
1.90840912796
1.90933596891
1.91087104859
1.90751809111
1.90968478649
1.9257746872
1.9107863009
1.90811635941
1.91104716126
1.90924048958
1.91013665319
1.9094388552
1.90941230142
1.90951953824
1.9100331228
1.90803438043
1.90859035382
1.90897656473
1.90844374199
1.91522274539
1.91141647685
1.9140336755
1.90847586771
1.90743186627
1.90971266041
1.91036846811
1.90802771362
1.9167385209
1.90981358106
1.91181434475
1.92105257452
1.90920816918
1.91233194629
1.90756388829
1.91074693087
1.9060017151
1.90770031141
1.90930043862
1.9069321397
1.90633827259
1.90923672611
1.92426071289
1.90870982795
1.90821912568
1.90739996524
1.91097765319
1.90929292936
1.91075603202
1.90946021884
1.91009086572
1.90940968566
1.90659597582
1.91162780503
1.91133009643
1.90928098701
1.9190431546
1.90799721585
1.91374907279
1.90953237832
1.91139579428
1.90882584437
1.91338417121
1.90892655182
1.90965938166
1.90848324746
1.90948721057
1.91334210647
1.90811110724
1.90863534776
1.90902030127
1.90827899352
1.91090702356
1.91024641368
1.90873580986
1.9180989092
1.90729504557
1.93098899814
1.90943251457
1.91020909049
1.90619668089
1.90914991479
1.90712880415
1.90959042237
1.90722739931
1.90782536948
1.90818748245
1.93146321767
1.9078705319
1.90847143909
1.91106830151
1.90998031331
1.90750673063
1.90819184547
1.90684773095
1.90659726147
1.91204503268
1.90787364677
1.90767915025
1.91377183665
1.9216062992
1.91177778059
1.9083042873
1.90767610084
1.90668673704
1.9046064865
1.90377392987
1.90440001849
1.89708114467
1.89450552475
1.90895605342
1.91396046243
1.87715774798
1.88347176755
1.89241036475
1.88450872908
1.90426989976
1.8820387951
1.86327198657
1.85935829469
1.87455613552
1.80120235173
1.80043950129
1.79850280845
1.79559351703
1.79630745315
1.78755673588
1.78958410316
1.83975636258
1.78799048597
1.84263894286
1.879703767
1.94823460707
