1.81068895697
1.8095852551
1.81152764275
1.81123024827
1.81143532532
1.81149360603
1.81122671428
1.80962685802
1.8103363757
1.81053335256
1.81066941953
1.80940062741
1.81013667656
1.81135714193
1.8107496639
1.80965540499
1.80924309502
1.81069268003
1.81003760756
1.80983126872
1.80999034371
1.80991870777
1.81070180763
1.81014250137
1.81046868928
1.81036062564
1.81087060284
1.81042724355
1.81011154252
1.81139430463
1.81125536192
1.81066618724
1.81090195464
1.80873748735
1.80886024201
1.80971147986
1.80925814213
1.81038308497
1.81027978339
1.80956452454
1.8099527802
1.81087264627
1.81096266151
1.8099444155
1.81058214681
1.81124202403
1.81090323973
1.81126754796
1.81069682549
1.81088949503
1.810307646
1.81118563492
1.81051036347
1.80912877676
1.81072089406
1.81012650155
1.81077826562
1.81037466191
1.81072262647
1.81027515957
1.81024157605
1.81075237561
1.81073354616
1.81039606942
1.81035820158
1.81009375234
1.81032854429
1.8094684352
1.81125553635
1.81079189218
1.81015433088
1.8112813903
1.810962848
1.81025037556
1.81122297118
1.81009623226
1.81101479748
1.81188062221
1.81149543958
1.81124987111
1.81067633796
1.81060720518
1.80987262405
1.81066433802
1.81055291421
1.81038274231
1.8096751948
1.80991753751
1.80956894608
1.8103715051
1.81085869539
1.81096387512
1.81045724589
1.8098653187
1.81077344179
1.81062005329
1.81115535169
1.81166477104
1.81165388559
1.81048179731
1.81081293998
1.81033769968
1.81039067534
1.81121427813
1.80942348135
1.81030572237
1.81109266076
1.8106522836
1.81060146495
1.8108241137
1.80955382736
1.81008943514
1.81052009651
1.8096301526
1.80980740239
1.81059875458
1.81177239517
1.81166428821
1.81102430514
1.80968641238
1.81098755314
1.81090712538
1.80976432751
1.81004236346
1.81060033934
1.81023765473
1.81069607927
1.81139587751
1.810845108
1.80950286891
1.81030002905
1.81072572697
1.81028969842
1.81156305234
1.81069144466
1.81115551809
1.81127477462
1.81126228989
1.81117942374
1.81057869925
1.81081944795
1.81104652433
1.80994524443
1.8109879387
1.8101386917
1.81093791343
1.81089888729
1.8111695315
1.81009354534
1.81042021067
1.81087466867
1.80994116282
1.81050050773
1.81109534578
1.81075225225
1.81084373206
1.81122569255
1.81071306426
1.81151264981
1.81249173692
1.81093246674
1.81128774607
1.81011423513
1.81093807604
1.81052750673
1.80961115576
1.81054862201
1.81007473156
1.81034726547
1.81088768275
1.81149361564
1.81220629
1.81150920367
1.81103100026
1.81094409639
1.81141980841
1.81218853363
1.81116391288
1.81050256583
1.81158739529
1.81131523704
1.81054475701
1.81130705302
1.80965131724
1.81002786957
1.81042599779
1.81025472552
1.81073855747
1.81012751335
1.81120066575
1.81076768044
1.81220178602
1.81221309905
1.81175853193
1.8125273553
1.81095477912
1.81087084463
1.8114710324
1.81046540847
1.81046762254
